 0.00380879494230613 0.500004835647432
 0.007617565327292951 0.50001934255855
 0.01142628659779949 0.5000435206398204
 0.01523493419698143 0.500077369735354
 0.01904348356846948 0.500120889626908
 0.02285191015652763 0.5001740800338867
 0.02666018940621157 0.5002369406133431
 0.03046829676352692 0.5003094709599818
 0.03427620767558761 0.5003916706061613
 0.03808389759077412 0.5004835390218967
 0.04189134195889187 0.500585075614864
 0.04569851623132937 0.5006962797304026
 0.04950539586121667 0.5008171506515211
 0.05331195630358347 0.5009476875989001
 0.0571181730155175 0.501087889730899
 0.06092402145632261 0.5012377561435604
 0.06472947708767722 0.5013972858706162
 0.06853451537379228 0.5015664778834934
 0.07233911178156963 0.5017453310913216
 0.07614324178076017 0.5019338443409394
 0.07994688084412192 0.5021320164169021
 0.0837500044475783 0.5023398460414892
 0.08755258807037604 0.5025573318747127
 0.0913546071952436 0.5027844725143267
 0.09515603730854889 0.5030212664958349
 0.09895685390045761 0.5032677122925011
 0.102757032465091 0.5035238083153584
 0.1065565485006843 0.5037895529132204
 0.110355377509744 0.5040649443726903
 0.1141534949992066 0.5043499809181742
 0.1179508764805959 0.5046446607118897
 0.1217474974701813 0.5049489818538806
 0.1255433334891353 0.505262942382027
 0.1293383600636918 0.5055865402720587
 0.1331325527253033 0.5059197734375693
 0.1369258870107992 0.5062626397300274
 0.1407183384625433 0.5066151369387926
 0.1445098826285913 0.5069772627911284
 0.1483004950628489 0.507349014952218
 0.152090151325229 0.5077303910251776
 0.1558788269818095 0.508121388551074
 0.1596664976049908 0.508522005008939
 0.1634531387736533 0.5089322378157857
 0.1672387260733148 0.5093520843266259
 0.1710232350962878 0.5097815418344867
 0.1748066414418375 0.5102206075704281
 0.178588920716338 0.5106692787035603
 0.1823700485334308 0.511127552341063
 0.1861500005141811 0.5115954255282031
 0.1899287522872355 0.5120728952483546
 0.1937062794889788 0.5125599584230167
 0.1974825577636916 0.5130566119118354
 0.2012575627637065 0.5135628525126221
 0.205031270149566 0.5140786769613757
 0.2088036555901789 0.5146040819323026
 0.2125746947629772 0.5151390640378382
 0.2163443633540731 0.5156836198286698
 0.2201126370584155 0.5162377457937575
 0.2238794915799471 0.5168014383603574
 0.2276449026317606 0.5173746938940451
 0.2314088459362557 0.5179575086987382
 0.2351712972252952 0.5185498790167211
 0.2389322322403622 0.519151801028668
 0.2426916267327155 0.519763270853669
 0.2464494564635466 0.5203842845492541
 0.2502056972041362 0.521014838111419
 0.2539603247360094 0.5216549274746507
 0.2577133148510931 0.5223045485119535
 0.2614646433518713 0.5229636970348768
 0.2652142860515412 0.5236323687935409
 0.2689622187741695 0.5243105594766642
 0.2727084173548477 0.5249982647115923
 0.2764528576398485 0.5256954800643248
 0.2801955154867811 0.5264022010395453
 0.2839363667647472 0.5271184230806487
 0.2876753873544962 0.5278441415697723
 0.2914125531485811 0.5285793518278243
 0.2951478400515135 0.5293240491145148
 0.2988812239799195 0.5300782286283854
 0.3026126808626947 0.5308418855068413
 0.3063421866411589 0.531615014826182
 0.3100697172692124 0.5323976116016331
 0.3137952487134897 0.5331896707873784
 0.3175187569535157 0.5339911872765926
 0.3212402179818593 0.5348021559014744
 0.3249596078042894 0.535622571433279
 0.3286769024399289 0.5364524285823526
 0.3323920779214094 0.5372917219981668
 0.3361051102950258 0.5381404462693522
 0.3398159756208909 0.5389985959237336
 0.3435246499730896 0.5398661654283652
 0.3472311094398329 0.5407431491895669
 0.3509353301236127 0.5416295415529595
 0.3546372881413553 0.5425253368035019
 0.3583369596245756 0.5434305291655275
 0.3620343207195311 0.5443451128027812
 0.3657293475873755 0.5452690818184578
 0.3694220164043127 0.5462024302552395
 0.3731123033617499 0.5471451520953343
 0.3768001846664516 0.5480972412605147
 0.3685110342205206 0.5459572563542596
 0.4908380845751472 0.5772069622263901
 0.5495586941015776 0.5920490159889635
 0.5975259521167153 0.6040435864638485
 0.6393693881661229 0.6143940285641547
 0.6772255130707969 0.6236562225927357
 0.7122700479911197 0.6321362560746489
 0.745224815349278 0.6400220859474651
 0.7765674153530474 0.647438044892592
 0.8066316584221761 0.6544709677080305
 0.8356609028533553 0.6611840747297082
 0.8638385287771858 0.6676249113881407
 0.8913065284185059 0.6738301933080574
 0.9181773059145896 0.6798288856345968
 0.9445415673565269 0.685644261436585
 0.9704735988967693 0.6912952849992144
 0.9960353350658414 0.6967976638612289
 1.021278743692113 0.7021644884286802
 1.046248145435968 0.7074068258470819
 1.070981617064431 0.712534092895565
 1.095512145655932 0.7175543591024545
 1.119868581967366 0.7224745938410289
 1.144076285642398 0.7273008392439317
 1.168157738147333 0.7320383681323865
 1.192132990770187 0.736691801750141
 1.216019981855823 0.741265196477685
 1.239834914021118 0.7457621376283322
 1.263592449964171 0.7501857944480027
 1.287305929926204 0.7545389764689351
 1.310987545289719 0.7588241790297706
 1.334648482999095 0.7630436212798707
 1.358299047097917 0.7671992782394809
 1.381948767435538 0.7712929090209487
 1.405606484726903 0.775326079573285
 1.42928043395592 0.7793001840164745
 1.452978296504215 0.78321645970024
 1.476707277508708 0.7870760056701517
 1.500474179224382 0.7908797994717284
 1.524285351743172 0.7946286936773721
 1.548146833963269 0.7983234425018793
 1.572064343432629 0.8019647035665204
 1.596043309589837 0.8055530462806626
 1.620088906144295 0.8090889596569901
 1.644206061467723 0.8125728565228256
 1.668399511324241 0.8160050835964069
 1.692673755234694 0.819385917452549
 1.717033199278784 0.8227155865315742
 1.741481971341451 0.8259942473697598
 1.766024176289931 0.8292220210729281
 1.790663677845388 0.8323989654624101
 1.815404310824646 0.8355251044136927
 1.840249706868823 0.8386004066112205
 1.865203437436131 0.841624804999619
 1.890269020830166 0.8445981982600912
 1.91544982607637 0.8475204402233485
 1.940749148373831 0.850391349986935
 1.96617024295263 0.8532107164460317
 1.991716307870317 0.8559782968552342
 2.017390419113069 0.8586938105648872
 2.04319565677865 0.8613569533084172
 2.069135052230562 0.8639673918515126
 2.09521151405851 0.8665247572393577
 2.121427985871449 0.8690286611330574
 2.147787349125231 0.87147868642409
 2.174292460180554 0.8738743912248711
 2.200946112154277 0.8762153057781781
 2.227751108334195 0.8785009393661718
 2.254710227749947 0.8807307773591369
 2.281826213604083 0.8829042805357705
 2.309101732456585 0.8850208822805081
 2.336539544603402 0.8870800021501957
 2.364142308265071 0.8890810307177008
 2.391912712317971 0.891023339892966
 2.419853418176591 0.8929062786876882
 2.447967075693763 0.8947291745198014
 2.476256337620913 0.8964913342244376
 2.504723847323571 0.8981920432818398
 2.533372234179232 0.8998305656402869
 2.56220413799812 0.9014061451826827
 2.591222193472425 0.902918004798684
 2.620429037816486 0.9043653468031773
 2.64982730115048 0.9057473524453831
 2.679419623914411 0.9070631827413389
 2.709208654166233 0.9083119782406663
 2.739197035300599 0.9094928584496479
 2.769387428957579 0.9106049227058226
 2.799782491269383 0.9116472491602826
 2.830384896374309 0.9126188955618207
 2.861197326138835 0.9135188987543116
 2.892222472810496 0.9143462746486851
 2.923463036938298 0.9151000180461341
 2.954921738818129 0.9157791027788142
 2.986601299673251 0.9163824811278436
 3.018504475724952 0.9169090843524561
 3.050634013810188 0.9173578216898506
 3.082992695022594 0.9177275809235732
 3.115583306659897 0.9180172277596444
 3.148408662920219 0.9182256058674192
 3.181471582382093 0.9183515364921234
 3.214774923259873 0.9183938184257093